csa <- "2+2"

cosa2 <- 2+2